      target          tperi            mid_eclipse      period           K       v0 omega    ecc
#KEBC09C05946       2455583.7230      2457887.3986      6.483059    39.000      nan   nan  0.320
#KEBC09C05946       2455583.7230      2457887.3986      12.5        39.000      nan   nan  0.320
 KEBC09C05946       2455583.5000      2457887.3986      13.19072    39.000      nan   nan  0.320
#KEBC09C05946       2455583.5000      2457887.3986      13.100      39.000      nan   nan  0.320
#KEBC20C05718       2457142.166       2457142.166      12.38818        nan      nan   nan    nan
 KEBC20C05718       2457142.166       2457142.166      12.35000        nan      nan   nan    nan
#KEBC20C05718       2456287.414301    2456287.414301   12.95           nan      nan   nan    nan
 KEBS36C003645      2457600.18        2457600.18        8.2202         nan      nan   nan    nan
 KELT-2             2455974.60338     2455974.60338     4.1137913      nan      nan   nan    nan
 KELT-4             2456193.29157     2456193.29157     2.9895936      nan      nan   nan    nan
 KELT-11            2457061.9098      2457061.9098      4.736529       nan      nan   nan    nan
 KELT-17            2457093.7         2457093.7         3.080181       nan      nan   nan    nan
 KELT-19            2457055.276       2457055.276       4.611758       nan      nan   nan    nan
 KELT-20            2457888.745       2457888.745       3.4740888      nan      nan   nan    nan
 KELT-22            2456944.9669      2456944.9669      1.3866536      nan      nan   nan    nan
 KS21C003449        2456913.8635      2456913.8635      3.062945       nan      nan   nan    nan
 KS27C012142        2455282.420911    2455282.420911   12.905988       nan      nan   nan    nan
 KS36C001833        2456851.366977    2456851.366977   93.032045       nan      nan   nan    nan
