2458196.86426427    16.080000
2458196.87984851    16.105000
2458196.89544244    16.132000
2458197.81860742    15.786000
2458197.83419825    15.805000
2458197.84978568    15.826000
2458198.83770534    15.572000
2458198.85328632    15.594000
2458198.86886522    15.619000
2458199.83581915    15.329000
2458199.85139579    15.352000
2458199.86698615    15.376000
2458201.86408907    14.877000
2458201.87967537    14.904000
2458201.89524821    14.932000
2458203.81555732    14.295000
2458203.83113900    14.315000
2458203.84671696    14.338000
2458207.79286453    13.351000
2458207.80845428    13.381000
2458207.82405492    13.411000
2458208.80391159    12.938000
2458208.81950060    12.959000
2458208.83507895    12.982000
2458245.70994515     0.843000
2458245.72552366     0.864000
2458245.74109992     0.887000
2458246.71012088     0.496000
2458246.72570959     0.518000
2458246.74129017     0.541000
2458247.72153527     0.163000
2458247.73712457     0.186000
2458247.91447380     0.641000
2458247.93006418     0.650000
2458247.94565479     0.655000
2458248.65828998    -0.110000
2458248.67388801    -0.084000
2458248.68947944    -0.056000
2458249.71102304    -0.298000
2458249.72660338    -0.339000
2458249.74217962    -0.379000
2458252.78358069    -1.359000
2458252.79918769    -1.399000
2458252.81477953    -1.440000
2458253.71008885    -1.728000
2458253.72567912    -1.769000
