  16315.327274798
  16276.297373073
  16237.472367687
  16185.509485088
  16147.514310368
  16108.821883142
  15891.514612396
  15852.577530513
  15813.413349768
  15644.280682733
  15605.263892236
  15565.998722642
  15056.215054090
  15017.012263580
  14978.364897156
  14645.833726309
  14606.850415435
  14567.459401430
  13595.717536273
  13557.041115886
  13517.665183701
  13283.417474305
  13244.079951317
  13204.395929768
   1160.701650065
   1120.072156608
   1079.229433584
    802.032508978
    761.303193132
    720.439536690
    413.585506456
    372.693950527
     -4.633363084
    -22.600521190
    -37.259010701
    215.705489216
    177.392993046
    137.947428738
   -276.955408464
   -317.805891571
   -358.602461191
  -1540.073021496
  -1577.131148933
  -1612.421070671
  -1710.207569800
  -1751.078787521
